Case #1: 
1000000000000001 32769 14348908 1073741825 30517578126 470184984577 4747561509944 35184372088833 205891132094650
1000000000000101 32773 14348917 1073741841 30517578151 470184984613 4747561509993 35184372088897 205891132094731
1000000000000111 32775 14348920 1073741845 30517578156 470184984619 4747561510000 35184372088905 205891132094740
1000000000001001 32777 14348935 1073741889 30517578251 470184984793 4747561510287 35184372089345 205891132095379
1000000000001101 32781 14348944 1073741905 30517578276 470184984829 4747561510336 35184372089409 205891132095460
1000000000010011 32787 14348992 1073742085 30517578756 470184985879 4747561512352 35184372092937 205891132101220
1000000000011001 32793 14349016 1073742145 30517578876 470184986089 4747561512688 35184372093441 205891132101940
1000000000011011 32795 14349019 1073742149 30517578881 470184986095 4747561512695 35184372093449 205891132101949
1000000000011111 32799 14349028 1073742165 30517578906 470184986131 4747561512744 35184372093513 205891132102030
1000000000100101 32805 14349160 1073742865 30517581276 470184992389 4747561526800 35184372121665 205891132153780
1000000000101011 32811 14349181 1073742917 30517581381 470184992575 4747561527101 35184372122121 205891132154437
1000000000101111 32815 14349190 1073742933 30517581406 470184992611 4747561527150 35184372122185 205891132154518
1000000000110001 32817 14349232 1073743105 30517581876 470184993649 4747561529152 35184372125697 205891132160260
1000000000110101 32821 14349241 1073743121 30517581901 470184993685 4747561529201 35184372125761 205891132160341
1000000000110111 32823 14349244 1073743125 30517581906 470184993691 4747561529208 35184372125769 205891132160350
1000000000111011 32827 14349262 1073743173 30517582006 470184993871 4747561529502 35184372126217 205891132160998
1000000000111101 32829 14349268 1073743185 30517582026 470184993901 4747561529544 35184372126273 205891132161070
1000000001000011 32835 14349640 1073745925 30517593756 470185031239 4747561627600 35184372350985 205891132626100
1000000001001001 32841 14349664 1073745985 30517593876 470185031449 4747561627936 35184372351489 205891132626820
1000000001001111 32847 14349676 1073746005 30517593906 470185031491 4747561627992 35184372351561 205891132626910
1000000001010101 32853 14349727 1073746193 30517594401 470185032565 4747561630043 35184372355137 205891132632733
1000000001010111 32855 14349730 1073746197 30517594406 470185032571 4747561630050 35184372355145 205891132632742
1000000001011001 32857 14349745 1073746241 30517594501 470185032745 4747561630337 35184372355585 205891132633381
1000000001011011 32859 14349748 1073746245 30517594506 470185032751 4747561630344 35184372355593 205891132633390
1000000001011101 32861 14349754 1073746257 30517594526 470185032781 4747561630386 35184372355649 205891132633462
1000000001011111 32863 14349757 1073746261 30517594531 470185032787 4747561630393 35184372355657 205891132633471
1000000001100001 32865 14349880 1073746945 30517596876 470185039009 4747561644400 35184372383745 205891132685140
1000000001100011 32867 14349883 1073746949 30517596881 470185039015 4747561644407 35184372383753 205891132685149
1000000001100111 32871 14349892 1073746965 30517596906 470185039051 4747561644456 35184372383817 205891132685230
1000000001101011 32875 14349910 1073747013 30517597006 470185039231 4747561644750 35184372384265 205891132685878
1000000001101101 32877 14349916 1073747025 30517597026 470185039261 4747561644792 35184372384321 205891132685950
1000000001110011 32883 14349964 1073747205 30517597506 470185040311 4747561646808 35184372387849 205891132691710
1000000001110101 32885 14349970 1073747217 30517597526 470185040341 4747561646850 35184372387905 205891132691782
1000000001111001 32889 14349988 1073747265 30517597626 470185040521 4747561647144 35184372388353 205891132692430
1000000001111011 32891 14349991 1073747269 30517597631 470185040527 4747561647151 35184372388361 205891132692439
1000000001111101 32893 14349997 1073747281 30517597651 470185040557 4747561647193 35184372388417 205891132692511
1000000001111111 32895 14350000 1073747285 30517597656 470185040563 4747561647200 35184372388425 205891132692520
1000000010000011 32899 14351098 1073758213 30517656256 470185264519 4747562333494 35184374185993 205891136877628
1000000010000101 32901 14351104 1073758225 30517656276 470185264549 4747562333536 35184374186049 205891136877700
1000000010001001 32905 14351122 1073758273 30517656376 470185264729 4747562333830 35184374186497 205891136878348
1000000010010001 32913 14351176 1073758465 30517656876 470185265809 4747562335888 35184374190081 205891136884180
1000000010010111 32919 14351188 1073758485 30517656906 470185265851 4747562335944 35184374190153 205891136884270
1000000010011001 32921 14351203 1073758529 30517657001 470185266025 4747562336231 35184374190593 205891136884909
1000000010011011 32923 14351206 1073758533 30517657006 470185266031 4747562336238 35184374190601 205891136884918
1000000010011101 32925 14351212 1073758545 30517657026 470185266061 4747562336280 35184374190657 205891136884990
1000000010100011 32931 14351341 1073759237 30517659381 470185272295 4747562350301 35184374218761 205891136936677
1000000010100111 32935 14351350 1073759253 30517659406 470185272331 4747562350350 35184374218825 205891136936758
1000000010101001 32937 14351365 1073759297 30517659501 470185272505 4747562350637 35184374219265 205891136937397
1000000010110011 32947 14351422 1073759493 30517660006 470185273591 4747562352702 35184374222857 205891136943238
1000000010110101 32949 14351428 1073759505 30517660026 470185273621 4747562352744 35184374222913 205891136943310
